0.9999967373918479
0.9999753157221243
0.9999290116973295
-6.9166843779743776e-12
-0.005432936363772916
8.356215571037051e-05
0.9999753157221243
0.0
0.9999753157221243
0.9999999999770631
8.356215571037051e-05
0.9999999999770631
0.9999999999770631
1.1379722759330413e-05
0.9999753157221243
0.9999753157221243
0.9999967373918479
8.356215571037051e-05
0.9999706382473784
0.9999999999770631
1.1379722759330413e-05
0.9999706382473784
0.9999967373918479
8.356215571037051e-05
0.9999999999770631
-6.9166843779743776e-12
0.9999999999770631
0.9999753157221243
1.1379722759330413e-05
8.356215571037051e-05
0.0002309833973735964
0.9999967373918479
1.0006058553032575
3.677480427880472e-06
-6.9166843779743776e-12
-0.005432936363772916
8.356215571037051e-05
